1000 2586
61 273 510 517 604 801 864 871 923
93 98 314 359 383 425 554 813 892 922
127 175 290 378 388 458
74 121 144 436 619 649 867 973
36 593 763 776 869 976
27 174 301 322 385 518 986
19 91 187 397 533 575
10 368 739 790 829
122 418 433 633 894
8 127 168 208 218 586 616 845 965
84 161 192 455 802
136 178 233 342 467 625 683 892 989
94 284 321 364 787 815 957 965
30 397 465 524 647 887 954
124 135 193 260 413 414 691 978
91 217 396 964 977
125 526 605 849 908 963
35 352 642 652
7 178 403 478 827
108 275 344 643 712 807
147 168 370 591 788 818
79 129 142 172 744 910
178 490 564 626 698 725
132 361 388 632 698 745
246 390 656 700 887 892
193 211 275 379 537 840
6 51 151 193 220 275 629
31 56 117 245 584 640 768 902
299 776 792 835 860
14 143 280 309 358 715 780
28 309 383 533 616 848
69 77 295 309 370 628
287 461 648 706 924
320 387 427 536 614 750 787 823 882
18 95 118 167 317 445 586 758
5 478 651 657 716 857
62 91 95 254 532 786 804
43 60 109 504 529 556 588 661 700 703
75 247 277 283 365 377 402 713 975
106 201 316 577 935
227 414 659 674 772 803
64 157 165 350 380 606
38 143 271 352 672 759 816
183 354 380 386 561
270 363 564 767 786 808
81 472 482 775 812 917
63 453 724 797 814 872
177 215 380 422 429 983
72 97 121 144 240 776 810 845 942
92 224 227 576 630 891
27 328 354 797 866
244 439 468 495 604 609 755 883 991
230 455 507 664 671 834 988
84 89 279 330 361 410 558 572
142 316 904 936 987
28 257 500 598 754
282 422 498 513 635
125 126 135 245 346 804 968
214 491 530 581 589 774
38 497 639 640
1 221 417 424 595 605 817 843
37 67 118 124 174 404 455 676
47 281 490 632
42 204 338 832 910 946
274 494 510 548 809 991
362 395 483 485 536 753 939
62 137 407 420 467 502 784 793 822 923
310 379 505 521 563 731 934
32 246 650 903
83 188 243 343 462
209 616 631 779
49 112 231 443 470 642
99 107 205 503 583 595 935
4 81 592 600 606 661 712
39 106 661 997
452 487 642 757 818 967
32 120 166 228 572 851 941
388 501 597 829 849 952
22 155 584 757 884
88 137 311 338 453 747
46 74 151 392 567
188 235 458 498 599 986
70 152 293 478 700 773 797
11 54 271 688 730
133 167 288 339 340
110 433 553 602 769 828 852
139 241 310 475 477 621 761 986 996
80 319 397 443 675 790
54 164 706 748 819 961
160 300 335 791 808
7 16 37 185 189
50 111 271 293 382 504 663 933
2 170 368 403 451 625 816 843
13 117 229 275 389 402 412 916 967
35 37 126 578 896 987
190 424 518 631 945
49 344 636 779 960
2 185 220 322 758 887 920
73 170 225 468 476 504 937 981 998
195 206 598 861 903 977
196 226 272 601 608 670 693
146 191 530 841 995
302 303 484 618 759 819 849
147 201 210 413 582 817
163 338 507 568 589 623
40 75 288 348 498 679 735 882
73 518 927 931
20 272 303 499 629 754 879
38 230 482 500 599
86 311 355 719 771 800 952
92 243 719 743 815 895 929 941
72 120 144 341 746 975
332 390 409 418 468 856
231 248 566 588 679 843 902
133 289 510 556 764 886 907
252 289 498 569 924 958
28 94 377 847
35 62 149 296 717 954
131 339 482 501 510
77 112 369 433 443 625
4 49 206 216 901 944
9 580 614 778 982
161 659 662 760 891
15 62 137 176 373 583
17 58 172 301 916
58 95 160 168 486 597 610 949
3 10 142 160 177 236 480
159 192 205 294 383 479 710 769
22 273 325 353 751 968
264 286 394 798 863
119 451 453 470 481 515 675 925
24 152 293 375 442 590
85 115 603 684
180 292 496 812 959
15 58 138 241 472
12 220 291 656 737
67 80 124 216 259 308 545
135 159 200 400 489 517
87 140 431 481 568 994
139 144 313 851 909
312 322 394 509 525 726
22 55 127 432 575
30 43 155 158 632 896
4 49 112 140
446 477 564 580 749 778
102 153 426 699 703 840
21 104 591 609 926
200 546 709 789 930 960
118 203 439 761
339 352 752 771 781 798
27 81 467 497 516 627
83 132 285 315 539 619 820
146 172 401 488 567 765 960
447 495 522 837 915
79 143 292 598 936
157 244 279 434 469 745 846
42 156 292 447 838
143 167 297 652 931
128 138 236 512 814
90 126 127 235 389 491 609 757
11 123 176 328 800 990
187 551 669 831 859 937 980
105 302 317 429
89 242 252 361 756 819 872
42 407 417 722 881 962
77 239 469 542 716 954
35 85 158 350 357
10 21 126 256
376 435 473 580 695 927 982 989
93 99 206 274 325 681
210 263 373 422 430 535 702
22 125 153 883
235 587 811 843 863
6 62 482 506 612
3 198 268 500 547 958
124 161 561 565 678 708 719
48 127 288 712 880
12 19 23 532 918
409 415 456 571 646 787 953
134 415 497 738 966
224 393 461 686 704 793
349 356 596 811 889
44 366 422 488 546 718 850
203 306 576 620 724 776 815 848
91 98 349 456 933
217 225 398 409 671 734 737 780 983
7 162 195 493 726
70 82 283 640 829
91 212 564 859
96 194 305 501 547
102 394 700 723 891
11 128 612 643 685 807
15 26 27 594 665 675
190 437 496 916 972 980
100 187 295 754 997
101 750 781 841 847
370 392 503 603 608 729 846 956
175 280 516 720 945
262 606 674 896 915
138 148 363 651 683 722 815 999
40 104 446 764 870 924
423 527 672 732 775 852 953
149 184 398 420 427 565 670
64 262 357 416 446
73 128 327 786 789
100 121 170 653 905
219 291 304 889 996
10 410 424 435 463 562 569 668 837 880
71 250 411 543 607 647 777 865
104 171 317 381 386 502 810
26 297 707 836 839
189 281 411 809 861 891
425 508 564 572 830 992
59 422 515 660
48 222 347 578 760 810 828
121 137 415 861 894 907 985
16 186 341 626
10 238 608 747 810 918
207 399 404 661 669 900
27 98 136 304 830
61 341 515 664 841
215 254 292 529 742 975
257 337 486 502 785
50 181 421 522 689 876
99 186 451 527 592
101 273 405 533 720 845
41 50 254 493 879
77 259 333 382 728 797 844
94 236 521 731 755 892 972
53 109 328 403 411
72 114 461 484 566 835
384 471 490 524 735 870
12 481 568 743 771 899
266 313 326 386 401 473 496 680 832 959
82 160 173 353 588
127 159 229 551 727 920
347 367 541 627 647 653 694
218 310 314 324 348 911 1000
166 412 414 773 938
49 270 560 742 833 884
87 135 766 792
164 263 349 358 361 411 424 491
70 111 584 677 729
52 156 353 471 540 656 811
28 58 469 665 777
25 69 479 481 908
39 251 367 693 726 886
114 262 630 702 782 912 978
261 416 464 617 762 987
209 323 331 463 485 830 979
247 494 600 637 899 932
116 164 269 449 623
277 278 392 412 464 816 951
37 222 227 458 730
399 429 619 708 871 966 981
168 324 389 427 451 553
56 223 410 511 549 592
302 315 371 870 918
137 228 431 436 690 762 983
15 262 375 466 556 822
249 351 405 436 552 704
199 204 248 260 379 474
171 242 740 970
130 610 658 736
433 749 938 949 979
234 471 571 656 723
319 585 591 935
175 430 455 690 739 791
252 412 703 966
45 240 326 375 394 504 611
43 84 92 705
101 108 500 720
1 129 226 590 711
65 170 296 316 334 335 343 532 907
20 26 27 94
295 339 532 533
39 253 279 307 818 931
253 280 286 289 521 630 683
54 156 277 298 307 437 544 804 1000
30 198 278 574
63 212 540 654 951
57 326 538 598 833 915
39 188 291 321
13 590 626 711 751 921
152 308 391 497 774 845
130 278 788 795 935
33 401 468 575 714 750 766 796
85 106 177 439
115 116 278 676
3 303 419 499 692 702 717 889 996
136 207 283 597 712
134 155 157 222 813
83 92 132 536 578 604
128 406 432 754
32 195 276 713 794 853 873
118 274 460 474 486 949
158 211 401 454 466 799 854
279 303 463 536 553 711 827 942
29 380 465 505 506 540 758 870 917
90 302 417 751 853
6 125 399 423 560 801
103 163 258 300 802
103 108 290 298
207 220 345 564 673
190 325 376 450 486 492 562
184 351 860 878 901
277 279 385 405 531 928
137 285 465 539 938
30 31 32 366 574
68 87 238 570 655 820
80 110 727 866
141 346 593 655 740 752 784
140 234 374 511 519 697 904
2 238 373 450 614 736 932
152 258 662 693 746 984
40 55 274 391 740
35 163 210 452 530 544 573 614 760
450 462 574 684 758
88 267 657 842 873 939 999
34 480 519 607 694 874
13 283 641 768 873
6 98 141 839
250 364 644 699
238 256 352 476 904
129 170 305 465 778 833
234 270 282 810 853 897
205 396 553 558 774 794
51 161 230 342 368 579 984
386 396 552 641 779 922 946
54 542 600 871 888
250 504 761 778 902
113 758 850 878 913 974
228 442 939 974
274 434 798 910
90 274 420 555 645 920
374 494 691 743 925 978
223 449 459 513 523 534 583
64 80 105 387 928
85 119 150 276 391 644 922
85 487 634 1000
112 217 221 579 695
12 328 957 969
70 274 712 849
20 97 349 508 759
304 515 588 677
58 312 563 673
215 237 620 891
106 238 629 726 859 998
182 185 242 344 492
42 167 753 1000
261 306 356 905 994
18 43 150 324 402
129 235 244 557 772
44 51 648 777 854 940 973
110 380 646 694 762 851
182 351 446 695 804 861
167 204 628 767 897
30 242 602 725 779 842 938
2 633 764 781 959 970
395 617 623 784 924
24 54 164 242 753
66 635 674 733
45 200 680 687 727 986
13 323 555 602 610 677 751
39 375 517 790 826 852 991
183 309 387 432 577 678 680
237 247 473 582 958
8 93 328 450 545 782 909
120 624 947 992
21 32 197 641 659 919
258 562 678 686 724 887
407 425 571 758 833 863
124 171 314 380 566
313 336 396 518 581 721 787
132 260 270 365 420 678 688
169 305 457 581 905
39 117 409 413
3 695 710 805 857 979
26 68 262 651 963
42 44 48 299 355 373 587 741
210 483 556 577 710 806
92 228 582 766 892
2 31 128 387 408 516 521
232 462 535 601 993
6 307 460 864
44 210 234 329
34 338 366 383
3 24 78 654 674
94 160 256 713 906 947
25 113 460 502 733 864 890 971
285 316 339 445 559 625
81 197 253 959 998
181 423 485 702 862 904
130 141 191 270 685 982
66 360 668 705 744 745
16 327 329 374
7 14 88 483 709
186 203 407 771
219 255 301 436
138 422 541 544 611 663 687 799 941
153 234 287 297
39 94 352 729 820 888 969
19 93 230 951
62 219 658 709 829
226 261 307 830
294 441 461 649 918
67 165 372 398 871
383 519 744 789 792 868 869
113 179 186 377
54 208 257 707
209 212 230 242 903
94 239 253 269
15 104 377 514 727 795
15 41 239 537 600 707
179 180 216 621
204 249 814 934 942
61 165 300 661
9 113 441 592 728 913
290 487 514 690
67 203 335 375 775 912
224 508 575 584 622 730 747
48 57 171 183 214 400 493 689 762 917 944
202 301 393 437
61 96 208 242
2 213 372 703
146 535 575 831
34 203 256 444 467 550 813 973
472 694 713 818
48 163 255 470 618 722 792
171 268 440 663 794 830
139 259 800 857
142 294 366 543 930
9 86 120 265 746
156 334 615 621 890
169 208 484 509 634
4 259 261 399 685 840 964
194 279 423 831
559 595 821 846 959 962 995
52 149 288 613 967
430 475 649 681 821 853
406 418 464 535 568 773
132 333 531 648 898 962
72 88 120 697 930
427 457 551 605 637 639 950
35 391 520 667 874
145 201 204 356 501 785
154 157 555 855 957
476 508 685 714 852
252 337 520 788 888 919
305 314 318 368 716
93 131 225 256
76 317 528 638 775 913
47 80 131 953
297 596 768 873 992
11 53 62 268 526
179 185 619 935 948 994
376 444 544 719 972
3 82 254 505
337 628 634 891
296 385 390 516 554 756
33 181 231 406 881 941
70 318 384 929 980
208 250 298 641
249 253 441 677
14 299 308 325 748
260 297 476 783 934
12 67 151 427
52 99 113 287 489 601 665
156 166 245 489 891
72 131 429 758 858
232 244 266 802 811
46 135 428 686
169 234 367 613 616
262 296 627 850 879 886
87 440 487 658
99 324 448 466 715
87 145 738 927 988
19 36 83 578 729 753 796
128 246 556 586 638 954
127 320 701 818
131 139 233 246
46 109 119 174 529
66 381 397 900
103 231 435 756
66 250 393 695 995
126 223 296 305 577
76 340 419 475 645
153 183 673 799
138 468 469 593 836 874
23 63 232 531 601 964
59 160 242 669
305 349 525 680 960
187 227 422 793
65 251 336 605
52 154 607 613 644 892
134 194 234 684 912 916
60 151 180 285
57 82 106 116 596
108 290 571 712 890
56 109 175 272 541
78 119 190 446 637 711
67 210 223 390
73 197 505 555
38 92 99 270 331
68 299 458 503
174 299 590 620
53 105 517 570 834 974
213 344 421 448 512 957
141 435 525 876
1 65 115 119
257 313 567 645 999
159 508 650 770 948
57 337 589 681 849
413 419 582 692 812
131 214 221 345
151 198 383 460 991
1 138 365 507 981
6 96 107 374
313 320 408 715 760
445 449 523 718
68 229 278 383 573
154 224 948 969
337 520 744 821 911
14 232 599 796 828 855
141 492 509 772 862
17 455 557 672 891
202 225 662 895
452 673 967 976
38 222 482 582
59 102 317 950 984
307 442 490 624 893
37 178 274 276
7 31 226 276 803
337 586 793 830
171 384 426 441 603
34 66 293 298 550
26 414 569 745 844
282 554 736 827 921
152 308 548 676 867 968
244 281 299 652 913
237 400 500 552
166 330 562 611 910
209 432 684 988
279 317 400 457 692 757 962
137 368 831 898 909 970
148 183 585 682 783 846 911
175 190 624 721 937
65 539 606 783 997
257 583 701 755 918
427 536 699 716 800 810
162 236 444 563
261 329 541 940 993 998
86 256 298 327
2 460 538 786
335 364 447 503
38 115 260 381 479
353 526 594 859 943
54 327 719 795
391 438 722 755
240 301 717 919 993
44 176 618 672 737
208 305 371 542
68 346 551 575 734
23 45 145 189 213 304 591
176 203 624 735
114 231 373 919
81 153 511 587
105 139 233 441
116 208 537 607 717 999
310 507 585 749 820
179 266 372 499 611 618
54 77 213 687 743 806 905
317 521 635 822 917
280 309 318 612
7 142 287 421 426 563 868
50 184 705 883
40 366 381 486 667 864
95 215 293 478
328 341 821 856
122 145 169 604 719
59 374 376 824
104 367 382 514 529 636
73 124 337 549
28 79 243 421 803
267 546 570 708
10 35 479 534
173 380 567 631 828
38 114 235 345
59 105 513 615 630 631 704
132 273 284 506
21 147 267 564 934
74 225 257 418 681
5 312 489 739
193 557 642 700 878
61 73 438 692 781 837 878
182 454 498 741 860
78 126 291 719 857
56 100 155 282
82 109 524 666 679 854 898
74 251 330 414 687 707
101 384 468 490 823
86 358 364 973
133 197 535 912
1 52 293 580 709
17 61 444 494 613
42 74 199 548 714 884
209 320 495 569
101 197 218 693 855
52 147 160 671 769
126 264 364 653 847 854
270 400 542 571 659
174 192 574 911
439 473 495 605 660
34 122 314 317 877
434 589 725 985
10 31 71 473
249 360 805 951 992
103 429 561 571
4 152 255 456 826
184 347 506 928
87 415 434 635 752 943
421 759 791 976
105 252 360 799
369 531 547 565 655
12 93 120 391 926
23 217 284 763 835
151 237 474 796 817
32 357 459 741 839 894
27 108 348 981
50 248 278 589
71 96 587 589
24 63 143 914
9 359 639 761
340 435 459 667 842
57 362 573 621
97 582 798 816 952
251 444 501 754
452 479 735 770
60 444 633 928 936
28 60 188 650
321 329 370 463
18 72 76 594
20 192 684 803 884
323 339 495 830 860
335 487 511 679 705 858
179 355 728 770 808 948
14 209 237 701 877 947
33 354 442 666 682
4 406 440 805
69 512 640 885
36 200 379 915
18 158 540 721 816
206 237 610 676 698 876
281 388 811 832 946
310 312 624 689 696
25 136 244 266 827
36 319 936 973 995
264 404 475 737 819
41 123 370 611 823 971
214 613 754 920
38 74 75 219 417 895
123 315 527 708 741
92 400 430 993
53 221 728 801
193 245 468 858 885 997
599 648 824 959
445 577 634 975
208 395 914 961
162 219 491 706 865
101 203 807 867
53 186 609 733 949
43 202 526 561 812
304 346 488 528
41 199 362 388
88 131 193 955
62 289 539 653 731
243 345 364 464
176 366 371 375
106 114 599 645
234 363 366 492
170 440 513 592 972
546 648 683 701 840
12 200 278 682 688 731
133 318 496 543 643 748 825
192 394 436 448
181 371 472 738 824 970
363 400 572 600
84 375 683 945
224 422 655 742 906
259 268 419 718 875 883
15 336 844 946
290 514 544 595
101 247 315 608 805
237 320 355 428
169 341 356 378 485 899
655 772 869 880 928
313 443 733 740
23 24 653 872 953
146 323 550 948
25 38 83 191 594
480 549 647 682 782 842
171 248 290 393
38 146 269 425
181 261 589 989
271 395 576 645
33 89 669 714 808 885 985
211 410 414 600
176 255 585 662
148 397 404 604
128 378 381 765 876 894
273 284 298 501
20 74 177 291 343 499
39 295 389 428
287 448 606 706
30 476 519 795 869 900
36 166 450 550
118 290 560 569
183 520 690 914
110 111 176 457 558 580 597
198 226 272 875
374 547 652 826
165 200 429 559 875
191 266 866 929 968
47 184 371 825 987
23 358 615 927
141 187 247 348 881
236 311 363 413
228 418 646 664
197 243 402 478
84 254 421 892
68 229 676 683
202 836 879 896 907
362 390 671 697 862 961
186 563 896 994
106 232 565 638
264 314 538 826
136 186 561 658
180 477 686 824 963
8 268 593 766 922
263 312 316 697
380 596 628 662
222 240 689 898
111 233 336 572 791 950
22 395 408 523
24 156 395 537
112 315 433 773
80 218 421 978
89 465 684 813 888
145 265 570 893
34 196 287 844
129 284 300 364
150 312 621 780 782 856
66 350 361 478
56 108 195 294 637 660 767
52 229 549 559
164 460 484 906
76 79 160 544 950
35 98 299 318 332 372 470
43 103 344 622
123 215 317 519
87 149 331 633 764 931
249 259 355 422
5 626 817 956
115 201 359 761
153 710 802 825 897 942
241 287 382 739
45 357 754 798
28 321 454 933 945
86 128 609 839
512 638 646 807
110 150 233 398
41 353 525 696
83 239 441 746
59 285 327 971 985
46 202 420 452
5 29 49 184 806
209 245 354 851 868 874
122 145 325 331
71 97 329 358
30 186 752 850 892
150 196 359 595 996
248 368 701 752
466 546 548 824
67 312 360 838
223 446 797 979
37 45 205 554
13 34 179 374
21 286 449 841 956
148 205 408 794 990
8 88 365 882
90 268 622 743 822
29 241 408 429
67 181 493 534
295 327 430 789
286 413 558 715
287 478 524 627
47 51 83 228 785
130 150 334 636 767
297 400 488 623
110 161 431 550
1 301 664 834 935
11 302 471 765 836
41 533 584 643
37 58 279 356 944
378 617 649 693
381 572 776 824 932
20 192 670 770
45 90 646 706 908 944
65 212 859 971
49 210 215 218 326 550
173 182 244 471 654
46 134 514 672
2 292 427 748
47 159 416 914
13 111 184 200
43 93 253 636 652
61 104 627 763
21 76 277 428 480
89 103 164 658
152 310 402 570
438 440 523 579 990
67 260 573 791
34 601 659 851 909
581 666 686 738 783 806
684 724 765 958 965 990
365 619 721 736
19 298 538 656
86 215 524 587
8 78 188 404
213 220 250 405 430 534 644 837
162 426 437 545
64 234 654 847 932
240 282 325 372
53 507 801 925
29 231 626 947
211 489 732 802 885 921
154 208 595 830 908
157 784 930 978
211 322 628 769
26 146 436 682
102 196 221 788
319 358 634 701
61 93 114 173
228 537 691 750 862
10 49 226 285
156 197 438 546
117 196 610 832 866
31 184 923 974
17 78 103 343 513
183 332 474 780
77 140 355 777 823 865
86 202 365 448
295 300 326 440
297 354 599 610
447 524 608 955
113 579 752 901
36 378 431 597
470 645 665 904
162 189 348 557 809
29 306 596 644
100 212 216 356
393 525 733 844
130 173 372 897
1 385 390 577
209 669 851 872
51 311 723 847
4 539 670 955
408 575 777 926
5 408 696 715
201 232 258 299
1 255 330 407
47 164 698 865 877
295 319 321 454
320 445 489 777
690 720 722 895
224 509 653 710
614 647 872 988
306 332 594 595
108 227 474 732
177 208 696 984
165 461 726 928
34 106 790 925 929
52 172 576 690
79 240 606 643
650 665 706 836
115 247 474 964
14 25 98 371
330 402 449 748
182 207 290 906 966
390 434 499 929
50 123 191 212 347 459 469 526 989
2 12 25 229 382 495 730 780
531 749 901 902 979
9 216 628 710
111 527 661 875
95 143 199 732 734
326 357 765 863
442 545 599 742
233 251 695 976 983
219 483 715 955
121 306 856 893 963 969
28 114 331 893
69 100 411 933
55 313 324 393 858
206 351 376 572
389 689 756 889
115 216 274 732
17 246 808 837
140 368 545 823
22 64 334 542 939 943
238 523 546 612 940
248 420 496 603
332 418 452 540
632 668 718 814 937
154 199 282 651 977
94 125 194 496
46 299 422 573
178 218 258 406 549 940
370 449 560 566
98 236 335 660
284 538 836 923 965
2 329 339 739 943
1 67 848 921
33 116 201 360
131 336 834 882
147 625 868 982
107 169 477 725
307 338 620 639 696 881
111 462 723 882 890
148 432 443 838
107 158 277 761 977
251 314 806 832
92 185 768 903
68 416 466 591
40 73 267 286 456 801
55 155 639 657
99 162 547 914
239 265 308 358
66 319 333 910
354 552 911 918
77 111 400 461
49 298 416 765
557 621 910 922
121 422 804 808 952
96 198 688 768
64 329 654 691
369 389 647 835 961
456 512 522 646 699
126 265 296 671
444 530 743 757
253 281 403 617
78 110 636 944 980
179 202 453 698 956
14 118 166 479
675 855 867 900
197 763 788 953
13 342 447 508
116 175 367 825
134 234 359 392 438 666
97 148 153 492
89 668 733 947
165 438 442 544
17 379 738 901
16 436 490 886
10 13 825 921
180 255 269 889
76 94 439 528
58 129 539 723
342 402 522 901
263 359 545 686
390 659 774 809
194 229 457 681
4 354 427 602 657
332 333 507 848
39 112 222 667
5 528 622 899
16 100 915 931
15 248 336 747 838
250 265 378 785 893
162 194 462 952
99 255 517 629
122 169 394 926
48 186 259 899
315 328 530 880
216 615 706 774
6 82 87 363
55 95 249 724
53 477 543 877
12 169 704 891
161 789 821 825
52 65 365 516
213 369 454 617
384 552 560 663
139 351 456 734
102 438 485 657
87 207 290 781
75 195 548 665
99 348 392 552
200 319 511 569
238 279 340 350
