100 200
0 1 5 7
0 2 3 4
1 3 2 6
1 4 8 9
2 5 1 3
2 6 4 5
3 7 6 2
3 8 7 8
4 9 5 6
4 10 9 10
5 11 2 4
5 12 3 5
6 13 1 2
6 14 4 6
7 15 5 7
7 16 8 9
8 17 6 8
8 18 7 9
9 19 4 5
9 20 8 10
10 21 3 4
10 22 5 6
11 23 2 3
11 24 4 5
12 25 1 2
12 26 3 4
13 27 5 6
13 28 7 8
14 29 6 7
14 30 8 9
15 31 4 5
15 32 6 7
16 33 3 4
16 34 5 6
17 35 2 3
17 36 4 5
18 37 1 2
18 38 3 4
19 39 5 6
19 40 7 8
20 41 6 7
20 42 8 9
21 43 4 5
21 44 6 7
22 45 3 4
22 46 5 6
23 47 2 3
23 48 4 5
24 49 1 2
24 50 3 4
25 51 5 6
25 52 7 8
26 53 6 7
26 54 8 9
27 55 4 5
27 56 6 7
28 57 3 4
28 58 5 6
29 59 2 3
29 60 4 5
30 61 1 2
30 62 3 4
31 63 5 6
31 64 7 8
32 65 6 7
32 66 8 9
33 67 4 5
33 68 6 7
34 69 3 4
34 70 5 6
35 71 2 3
35 72 4 5
36 73 1 2
36 74 3 4
37 75 5 6
37 76 7 8
38 77 6 7
38 78 8 9
39 79 4 5
39 80 6 7
40 81 3 4
40 82 5 6
41 83 2 3
41 84 4 5
42 85 1 2
42 86 3 4
43 87 5 6
43 88 7 8
44 89 6 7
44 90 8 9
45 91 4 5
45 92 6 7
46 93 3 4
46 94 5 6
47 95 2 3
47 96 4 5
48 97 1 2
48 98 3 4
49 99 5 6
